Name	Coefficient	Coefficient_std_error	Coefficient_P_value
T.4SP24int.Th	3.286024802e-09	1.42377781279e-09	0.0105006306539
T.DP69+.Th	2.95260903183e-09	1.28408820843e-09	0.010741634786
B.T3.Sp	2.49901670081e-09	1.08683941564e-09	0.0107427323857
proB.CLP.FL	2.97879648937e-09	1.36175398716e-09	0.0143541022128
CD19Control	2.2412146928e-09	1.12680780443e-09	0.0233508968314
Tgd.vg2+24ahi.e17.Th.v2	2.45946641306e-09	1.35008722599e-09	0.0342495554278
T.4SP69+.Th	2.50436999143e-09	1.38760380687e-09	0.0355517151326
B.FrF.BM	2.04367189281e-09	1.13833787431e-09	0.0363019848194
B.T2.Sp	2.00958734919e-09	1.14097928918e-09	0.0390952636047
proB.FrA.BM	2.77535176514e-09	1.85818969798e-09	0.0676429405256
Tgd.vg2+24ahi.Th	2.21292572657e-09	1.49962171299e-09	0.0700181364095
proB.CLP.BM	1.697602533e-09	1.16695893962e-09	0.072872919147
B.Fo.LN	2.30574964133e-09	1.59030894543e-09	0.0735466497529
B.Fo.Sp	1.59655069038e-09	1.13388981698e-09	0.0795611180653
Tgd.vg4+24ahi.e17.Th	1.88162092612e-09	1.35921859683e-09	0.0831271571764
ILC1.CD49b-.Lv	1.23378055779e-09	9.41865731195e-10	0.0951093310621
NK.49H-.Sp	1.42268894019e-09	1.08859974053e-09	0.0956236595532
T.DPbl.Th	1.51812862873e-09	1.1643007571e-09	0.0961342982726
NK.49CI-.Sp	1.31605799403e-09	1.05454667821e-09	0.106018351992
Tgd.vg3+24ahi.e17.Th	1.48689688983e-09	1.22697956105e-09	0.112787756117
T.DP.69-.e17.Th.v2	1.17301217268e-09	9.79328966161e-10	0.115503022865
B.Fo.MLN	1.91642714168e-09	1.62701177931e-09	0.119421917521
SC.LTSL.FL	1.39422634769e-09	1.1991278059e-09	0.122475545033
Tgd.Th	1.77335154673e-09	1.52553648821e-09	0.122527471984
NK.49H+.Sp	1.39994150691e-09	1.26603296128e-09	0.134413000594
SC.LT34F.BM	1.27121424181e-09	1.15903051741e-09	0.136366382388
SC.STSL.FL	1.19853818671e-09	1.15428510564e-09	0.149556341737
NK.DAP12-.Sp	1.25343077629e-09	1.24411781073e-09	0.156850737658
MLP.FL	1.36010048207e-09	1.42525470574e-09	0.16996946943
proB.FrBC.BM	1.67351847816e-09	1.7999382653e-09	0.176246547387
preT.ETP.Th	1.19383105167e-09	1.28597227122e-09	0.176613286234
proB.FrBC.FL	1.19979116556e-09	1.30626491259e-09	0.179181214786
T.DP.Th	8.31212902022e-10	9.08308023124e-10	0.180063721897
B.FrE.FL	1.02063322152e-09	1.14101196087e-09	0.185527678317
Tgd.vg2+24ahi.e17.Th	1.14425101461e-09	1.28020183516e-09	0.185713072169
preT.DN2B.Th	1.15464065161e-09	1.30189958803e-09	0.187569285122
T.4int8+.Th	1.12428959973e-09	1.29444385665e-09	0.192546574387
DC.103+11b-.Lu	1.32369214056e-09	1.61376997701e-09	0.206037275609
preB.FrD.BM	8.96176917081e-10	1.09989109663e-09	0.207597134726
LN.TR.14w.B6	1.2942321693e-09	1.60446712795e-09	0.209936097693
Tgd.vg1+vd6+24ahi.Th	1.08128292656e-09	1.34497779231e-09	0.210715495932
NK.CD127-.Sp	6.42838216476e-10	8.23414222922e-10	0.217489933046
SC.STSL.BM	8.91630913425e-10	1.15610083597e-09	0.22028242015
proB.FrA.FL	8.60233168244e-10	1.17997718242e-09	0.232993106558
NKT.4-.Lv	8.02866797794e-10	1.13116544581e-09	0.23892352504
T.DN4.Th	8.11274958157e-10	1.16805731243e-09	0.243668476251
MLP.BM	8.50022917442e-10	1.246206735e-09	0.247591588565
B.FrE.BM	7.72474443321e-10	1.15727703673e-09	0.252228606014
Tgd.vg4+24alo.e17.Th	7.55871001822e-10	1.14630739216e-09	0.254820617074
DC.8-4-11b-.Sp	1.03857341102e-09	1.6431695163e-09	0.263675488709
NK.Sp	7.25708840077e-10	1.18153077549e-09	0.269538053091
ABD.TR.14w.B6	6.64284957286e-10	1.13984438215e-09	0.280018800765
DC.4+.Sp.ST	9.58518237435e-10	1.65714704542e-09	0.281492080502
preT.DN2.Th	7.2010102893e-10	1.28652139001e-09	0.287832759651
B.T1.Sp	6.31437258996e-10	1.1383004361e-09	0.289543325089
T.8SP69+.Th	7.26494382235e-10	1.35410430237e-09	0.295802072641
preB.FrD.FL	5.26125349614e-10	1.01819097758e-09	0.30267385942
NKT.44+NK1.1+.Th	6.36931015514e-10	1.25076947941e-09	0.305295039715
DC.8+.Sp.ST	8.12861789517e-10	1.66395844558e-09	0.312594013762
MF.RP.Sp	7.47172927395e-10	1.54767626847e-09	0.314629239117
preT.DN3-4.Th	5.39643251666e-10	1.12774833322e-09	0.31614224217
T.8Mem.Sp.OT1.d106.VSVOva	4.65589305752e-10	1.01326181788e-09	0.322939170108
T.4Nve.LN	5.65344797289e-10	1.27699822372e-09	0.328986362434
CD4.48h.LN	4.81270038419e-10	1.17458502688e-09	0.340999725723
NKT.4+.Lv	4.82399789544e-10	1.17896633987e-09	0.341206790741
DC.8+.MLN	6.99222004203e-10	1.75285770808e-09	0.344981959726
DC.pDC.8+.Sp	6.53242932089e-10	1.65630205788e-09	0.346643451176
NK.H+.MCMV7.Sp	4.41570451331e-10	1.2364894032e-09	0.36050239216
T.4FP3+25+.Sp	3.60556599489e-10	1.01430819794e-09	0.361118586452
Mo.Lu	6.95325003359e-10	2.0072604973e-09	0.364519196956
NK.b2m-.Sp	4.48577537672e-10	1.31544805936e-09	0.366549001121
SC.MEP.BM	3.91909345159e-10	1.15638390244e-09	0.367339001028
BA.Bl	3.04101895156e-10	9.27833081433e-10	0.371548471976
MF.Alv.Lu	5.71728318353e-10	1.81871429774e-09	0.376624381779
T.4.Pa.BDC	3.8993321585e-10	1.29927996479e-09	0.382044774969
T.4SP24-.Th	3.50743591065e-10	1.25381257298e-09	0.389837862821
NK.MCMV7.Sp	3.41888990483e-10	1.23067489477e-09	0.390580604907
NKT.4+.Sp	2.99968985366e-10	1.08697610458e-09	0.391286900334
T.4.LN.BDC	3.31031524328e-10	1.319571724e-09	0.400960073502
Tgd.Sp	4.35266866108e-10	1.76476427668e-09	0.402592237333
NK.49CI+.Sp	2.50982985893e-10	1.10459720716e-09	0.410127602394
T.8Mem.Sp.OT1.d100.LisOva	2.51421066306e-10	1.12784247508e-09	0.411798049529
MF.480int.LV.Naive	3.32093027659e-10	1.55259868329e-09	0.415314486718
T.4Nve.Sp	2.47641945352e-10	1.23494145983e-09	0.420533322985
CD8.24h.LN	2.73042529657e-10	1.36908468077e-09	0.420961491718
DC.8+.SLN	3.37431208446e-10	1.74067786864e-09	0.423146486833
Tgd.vg2-.Sp	2.19960482563e-10	1.1482504467e-09	0.424042883774
MF.480hi.LV.Naive	2.9231660922e-10	1.64704142453e-09	0.429565758968
LEC.SLN.CFA.d6.v2	2.06458930869e-10	1.21913491264e-09	0.43276118013
B.MZ.Sp	1.98987524948e-10	1.21612020868e-09	0.435013228072
T.4FP3-.Sp	2.11704128062e-10	1.34498384284e-09	0.437463731202
Mo.6+2+.MLN	2.9498865271e-10	1.9422201339e-09	0.43963992674
Tgd.vg2+.Sp.TCRbko	1.482793849e-10	1.00365357493e-09	0.441274136302
B1a.Sp	1.50424829912e-10	1.05600616856e-09	0.443363500324
preT.DN3B.Th	1.83725929702e-10	1.30177080759e-09	0.44388149342
CD4.24h.LN	1.8672966321e-10	1.44200449937e-09	0.448483733861
Mo.6+2+.SLN	2.33167884917e-10	1.85938411189e-09	0.450103206214
NK.DAP10-.Sp	1.50639517841e-10	1.21208526049e-09	0.450546281057
T.8Mem.Sp	1.39738273143e-10	1.15442457786e-09	0.451827370243
DC.IIhilang-103-11blo.SLN	1.9276253042e-10	1.73322861203e-09	0.455722583077
DC.pDC.8-.Sp	1.74848733928e-10	1.63861999009e-09	0.457511559264
DC.pDC.8+.MLN	1.75611489629e-10	1.68322754516e-09	0.458453650806
T.8Mem.Sp.OT1.d45.LisOva	1.13810212567e-10	1.20370635763e-09	0.462336206783
Mo.6C-IIint.Bl	1.60756808404e-10	1.88766563804e-09	0.466066420789
DC.IIhilang+103-11b+.SLN	1.39312474211e-10	1.66548120964e-09	0.466668556392
CD4Control	8.34594433145e-11	1.2317080313e-09	0.472988696127
DC.103+11b-.Lv	9.00223203839e-11	1.63464730905e-09	0.478040789411
Mo.6+2+.BL	1.08978277927e-10	2.06111403981e-09	0.478916356209
T.8SP24int.Th	5.77908948743e-11	1.19862857735e-09	0.480772774366
DC.8-4-11b-.MLN	7.98721237141e-11	1.79219394199e-09	0.482226353151
NK.CD49b+.Lv	3.03758258839e-11	8.41978103413e-10	0.485610584161
T.8Nve.PP	3.04035130661e-11	9.83818362007e-10	0.487673215967
B.GC.Sp	3.145933163e-11	1.07117676033e-09	0.488285170107
preT.ETP-2A.Th	3.21992503934e-11	1.26827573204e-09	0.48987265764
MF.PPAR-.Lu	2.31405521167e-11	1.74654182657e-09	0.494714426875
Tgd.vg5+24ahi.Th	6.81721878838e-12	1.25165586668e-09	0.497827147673
DC.pDC.8+.SLN	3.8224980093e-12	1.74642246321e-09	0.499126812162
SC.MDP.BM	-2.10185490477e-11	1.17505346835e-09	0.507135624877
T.4Mem.LN	-3.09731707679e-11	1.03720845121e-09	0.511911464026
T.4Nve.PP	-3.35374256998e-11	1.10507928475e-09	0.512105415188
preT.DN2A.Th	-4.8173873731e-11	1.3497087192e-09	0.514236045932
MF.11cloSer.SI	-7.20969232324e-11	1.6622703758e-09	0.51729772486
MF.Lu	-7.51698765209e-11	1.63922137182e-09	0.518287911253
T.8SP24-.Th	-1.05017255396e-10	1.25472677679e-09	0.533351451832
Mo.6C+II-.LN	-1.87817089678e-10	2.01490611887e-09	0.537133150988
T.4.PLN.BDC	-1.1975488783e-10	1.25547827737e-09	0.53799583052
T.4Mem44h62l.Sp	-1.36286824718e-10	1.16958889581e-09	0.546381925196
T.8Eff.Sp.OT1.d5.VSVOva	-1.43865661817e-10	1.14787332985e-09	0.549869778711
preB.FrC.BM	-1.17131625139e-10	9.14114607326e-10	0.550979601727
T.4+8int.Th	-1.30889730845e-10	9.68146019584e-10	0.55377165201
DC.8-4-11b-.SLN	-2.70120382128e-10	1.88371784763e-09	0.557011861312
DC.8-4-11b+.SLN	-2.79179929121e-10	1.81602949995e-09	0.56108905744
T.8Mem.Sp.OT1.d45.VSVOva	-2.0072559243e-10	1.28851577962e-09	0.561896966919
NKT.4-.Sp	-1.86928945057e-10	1.10941521136e-09	0.5669023628
T.8Eff.Sp.OT1.d6.LisOva	-1.91774644728e-10	1.1273909262e-09	0.567536153462
MF.F480hi.Gata6ko.PC	-3.17314792552e-10	1.77417399724e-09	0.570973093041
preT.DN3A.Th	-2.19100233746e-10	1.2168468169e-09	0.571445588935
Tgd.vg1+vd6-24ahi.Th	-2.39161370325e-10	1.19715893025e-09	0.579171378242
B.Mem.Sp.v2	-1.98899529464e-10	9.88049495794e-10	0.579770042728
NKT.44+NK1.1-.Th	-2.18005199687e-10	1.05400409017e-09	0.58193073715
B1b.PC	-2.49105591101e-10	1.07922946617e-09	0.591271903098
T.ISP.Th	-2.43294912067e-10	1.04761864513e-09	0.59182269599
Tgd.vg2+.act.Sp	-2.64937992009e-10	1.08296078073e-09	0.596633287152
DC.8-4-11b+.MLN	-4.91842457857e-10	1.88749336428e-09	0.602791677652
Mo.6C-II-.Bl	-4.99230243067e-10	1.89552156492e-09	0.603868662291
Tgd.vg5+.IEL	-2.89579736346e-10	1.08619724245e-09	0.60511126321
NK.H+.MCMV1.Sp	-3.17283692957e-10	1.14415396523e-09	0.609228407846
Mo.6C+II+.Bl	-4.86876265211e-10	1.69294961578e-09	0.613169899906
NKT.44-NK1.1-.Th	-3.50379774608e-10	1.13478942614e-09	0.62124868517
T.4Mem44h62l.LN	-3.62974431214e-10	1.16487397512e-09	0.622327635191
T.DP.Th.v2	-3.14042593783e-10	9.79937009493e-10	0.62569480888
Tgd.vg5+.act.IEL	-4.2086668053e-10	1.21865590827e-09	0.635085560473
Eo.BL.v2	-2.72578413833e-10	7.84343421787e-10	0.635901274289
T.8Nve.Sp	-3.29527464733e-10	8.84246392253e-10	0.645301014212
T.DPsm.Th	-4.12560958318e-10	1.08500206086e-09	0.648116288228
T.4Nve.MLN	-4.35604617547e-10	1.13969404158e-09	0.648847899661
MF.11cloSer.Salm3.SI	-7.09348043384e-10	1.82106614199e-09	0.651555532092
FRC.SLN.CFA.d6.v2	-5.14623854104e-10	1.28305850051e-09	0.655823619374
MF.103-11b+.SI	-6.976980104e-10	1.69302363932e-09	0.659867578238
T.8Nve.LN	-5.04371393243e-10	1.21931326546e-09	0.660435514281
MF.F480hi.ctrl.PC	-7.33891243812e-10	1.71501114405e-09	0.66564609733
SC.MPP34F.BM	-4.66629191238e-10	1.07783834121e-09	0.667467402766
DC.IIhilang+103+11blo.SLN	-8.15441361686e-10	1.70815686263e-09	0.68345452316
Tgd.vg2+.Sp	-5.53008801373e-10	1.1571885611e-09	0.683635738059
Tgd.vg3+24alo.e17.Th	-5.84288572515e-10	1.21484780562e-09	0.684726182222
Tgd.vg5-.act.IEL	-5.61625707145e-10	1.16745752592e-09	0.684765686577
T.8Nve.MLN	-6.17489241177e-10	1.24140030831e-09	0.690551247414
CD8.48h.LN	-5.57299358266e-10	1.11607302444e-09	0.691229887615
T.8Nve.Sp.OT1	-5.86268476953e-10	1.168106381e-09	0.692129828077
ILC2.SI	-4.52389499762e-10	8.79512516319e-10	0.696501207865
DC.103-11b+F4/80lo.Kd	-4.84243071932e-10	9.39793280485e-10	0.696816254591
NK.MCMV1.Sp	-5.49773039677e-10	1.03426669708e-09	0.702484021143
B1a.PC	-5.87866052333e-10	1.10554753817e-09	0.702547648679
BA.Sp	-4.97439291599e-10	9.21894922745e-10	0.705257851894
SC.CDP.BM	-7.29433893481e-10	1.29311415486e-09	0.713653855657
T.8Eff.Sp.OT1.d6.VSVOva	-5.91270786564e-10	9.82350482429e-10	0.726377625487
preT.DN2-3.Th	-9.58676488285e-10	1.51510241342e-09	0.736550559911
Ep.8wk.CEC.Sca1+.Th	-7.01020939532e-10	1.05583642665e-09	0.746638341509
MF.103-11b+.Salm3.SI	-1.25765388148e-09	1.85331107986e-09	0.75130381265
T.8Eff.Sp.OT1.d10.LisOva	-8.98045158626e-10	1.2386791235e-09	0.765774676702
ILC1.CD127+.SI	-7.39618428418e-10	1.01914623675e-09	0.765995870185
T.8Mem.LN	-7.19900956421e-10	9.55929218022e-10	0.774302153062
Tgd.vg5-.IEL	-7.12944512869e-10	9.19854675556e-10	0.780848522542
CD4.5h.LN	-1.00775758252e-09	1.27040592772e-09	0.786185761699
T.4Mem.Sp	-9.54221621586e-10	1.19291788771e-09	0.788117234769
T.8Eff.Sp.OT1.d15.LisOva	-8.79554566158e-10	1.09407269915e-09	0.789280427731
FRC.Cad11.WT.v2	-1.03004412317e-09	1.27327987715e-09	0.790733550457
ILC3.NKp46+.Rorgthi.SI	-7.49414650058e-10	9.22097147078e-10	0.791813137246
ILC3.NKp46-.4+.SI	-6.96863651984e-10	8.53439358282e-10	0.792903075706
Tgd.vg2-.act.Sp	-7.99672466065e-10	9.70056376286e-10	0.795131542765
B.Fo.PC	-8.77507051364e-10	1.05283443971e-09	0.797710447579
NK.CD127-.SI	-8.56239565991e-10	1.01774059923e-09	0.799914016862
LEC.SLN.v2	-9.26115865521e-10	1.08955646512e-09	0.802335637796
MF.BM	-1.02643105951e-09	1.19980022515e-09	0.803863251372
MC.To	-7.38791110927e-10	8.57257103066e-10	0.805603435202
SC.ST34F.BM	-8.90743136927e-10	1.02061286242e-09	0.808601191992
DC.8-4-11b+.Sp	-8.23475095272e-10	9.20634459166e-10	0.814463366006
MEChi.GFP+.Adult	-7.21799054409e-10	7.9851956273e-10	0.816981503862
DC.4+.MLN	-8.66883527499e-10	9.50987617293e-10	0.819000153958
Tgd.vg2-.Sp.TCRbko	-9.38221621197e-10	1.02496799967e-09	0.820000434738
EO.AT.v2	-8.86481476692e-10	9.61720833198e-10	0.821674653011
CD8.96h.LN	-1.15214550554e-09	1.23088032536e-09	0.825372090015
T.8Eff.Sp.OT1.12hr.LisOva	-1.2350240432e-09	1.28041547186e-09	0.832614736336
Ep.MEChi.Th	-8.40807062917e-10	8.54514754321e-10	0.837432042923
CD8.5h.LN	-1.30033016112e-09	1.29270301744e-09	0.842768198315
Ep.5wk.MEClo.Th	-9.1763057155e-10	9.08861849813e-10	0.843668023965
Ep.8wk.MEChi.Th	-7.99709953381e-10	7.82946663647e-10	0.846470006726
Tgd.vg1+vd6+24alo.Th	-1.08991140756e-09	1.06300517351e-09	0.847391879611
Mo.6C-II+.Bl	-9.28922304983e-10	8.9036938929e-10	0.851595293944
Tgd.vg1+vd6-24alo.Th	-8.37906309616e-10	8.02580185697e-10	0.851760935676
Ep.8wk.MEClo.Th	-9.32276353578e-10	8.92887202667e-10	0.85178375948
CD4.96h.LN	-1.17255705393e-09	1.12172226991e-09	0.852062107681
T.8Eff.Sp.OT1.24hr.LisOva	-1.32421462989e-09	1.23948727643e-09	0.857320196494
MF.Thio5.II-480hi.PC	-1.0498377311e-09	9.3050015703e-10	0.870393034187
MC.PC	-1.05091822133e-09	8.88077395808e-10	0.881667407424
Ep.5wk.MEChi.Th	-9.7851671807e-10	7.97624972423e-10	0.89004885262
Tgd.vg2+24alo.Th	-1.3564506123e-09	1.10183524519e-09	0.890854083938
T.8MemKLRG1-CD127+.Sp.d8.LisOVA	-1.08197288784e-09	8.75559969962e-10	0.891724173884
DC.11b-.AT.v2	-1.35727656865e-09	1.06102597972e-09	0.899588695348
GN.Thio.PC	-1.44391559486e-09	1.1273221088e-09	0.899874494971
GN.Arth.SynF	-1.13884309704e-09	8.84451446383e-10	0.901061990373
T.DP69+.Th.v2	-1.23854032934e-09	9.55832312375e-10	0.902472901016
T.8Eff.Sp.OT1.d8.LisOva	-1.61312823002e-09	1.24488690892e-09	0.902478323242
ILC3.NKp46-.4-.SI	-1.23230947539e-09	9.32093262817e-10	0.906930603561
T.8Eff.Tbet+.Sp.OT1.d6LisOVA	-1.46184327422e-09	1.10543420499e-09	0.90698507694
SC.GMP.BM	-1.64608279905e-09	1.23039913234e-09	0.909526445407
CD8.CTR.LN	-1.51440717834e-09	1.11278865793e-09	0.913229212709
DC.103-11b+24+.Lu	-1.48988779182e-09	1.09178640346e-09	0.913815791579
MC.digest.PC	-1.24127770839e-09	9.09347895303e-10	0.913876556496
SC.CMP.BM.DR	-1.40780760476e-09	1.02219517832e-09	0.915780897688
MF.AT.v2	-1.37868234598e-09	9.953349692e-10	0.91699579308
MC.Tr	-1.36590935728e-09	9.85280542269e-10	0.917174655874
GN.BM	-1.38649297713e-09	9.95491657798e-10	0.918155636595
MC.Es	-1.34571484488e-09	9.45160291564e-10	0.922747141478
T.8Eff.Sp.OT1.48hr.LisOva	-1.83021201753e-09	1.26972152193e-09	0.925268082513
CD4.CTR.LN	-1.54387974262e-09	1.06835022229e-09	0.925785999068
GN.UrAc.PC	-1.43023189373e-09	9.77609269728e-10	0.928264845545
MF.II+480lo.PC	-1.68205189567e-09	1.14663407463e-09	0.928804820118
DC.8-.Th	-1.56592351192e-09	1.06303715068e-09	0.929633332794
T.8Eff.Sp.OT1.d15.VSVOva	-1.37829379246e-09	9.35482435976e-10	0.929671764873
T.4Mem49d+11a+.Sp.d30.LCMV	-1.56688851589e-09	1.05300739818e-09	0.931626244602
MF.Medl.SLN	-1.27809799886e-09	8.27934577766e-10	0.938671739601
Ep.8wk.CEChi.Th	-1.49863085006e-09	9.55377727828e-10	0.941632506532
GN.Arth.BM	-1.58342019788e-09	1.00573341308e-09	0.94230175289
Mo.6C+II-.BM	-1.91453286431e-09	1.17246939197e-09	0.948755666149
ILC1.CD127+.Sp	-1.4256800992e-09	8.70936975881e-10	0.949179519325
MF.11c-11b+.Lu	-1.64700449516e-09	1.00430985899e-09	0.949490825015
GN.Bl.v2	-1.50514801532e-09	9.0223579972e-10	0.952366191394
FRC.SLN.v2	-1.72520885715e-09	1.03168943655e-09	0.952759253465
MEChi.GFP+.Adult.KO	-1.27695221944e-09	7.5590180595e-10	0.954419948008
T.4Eff49d+11a+.Sp.d8.LCMV	-2.08647345943e-09	1.22798187183e-09	0.955350554005
MC.Sk	-1.57865031694e-09	9.23151587147e-10	0.956373182952
LEC.MLN	-2.0684677873e-09	1.19760008818e-09	0.957932094377
DC.8+.Th	-1.91110399027e-09	1.10145882115e-09	0.958635461399
B1a.Sp.v2	-1.52282988257e-09	8.67364675343e-10	0.960429952254
MF.Thio5.II-480int.PC	-1.79682839729e-09	1.01267015468e-09	0.961997126555
MEChi.GFP-.Adult	-1.45870058824e-09	8.10246410641e-10	0.96409472052
MF.Sbcaps.SLN	-1.51181197581e-09	8.37874507265e-10	0.964411127675
MF.II-480hi.PC	-1.92199439261e-09	1.05998676994e-09	0.965101428669
Ep.5wk.MEC.Sca1+.Th	-1.65211016424e-09	9.07768624538e-10	0.965618087421
DN.SLN.CFA.d6.v2	-1.96725273515e-09	1.07969003051e-09	0.965776547295
T.4Nve44-49d-11a-.Sp	-1.94104013743e-09	1.05199542046e-09	0.967488737527
LEC.SLN	-2.13722830082e-09	1.14558920581e-09	0.968952368824
CD8.1h.LN	-2.08505732205e-09	1.07280843603e-09	0.974025157192
T.8EffKLRG1+CD127-.Sp.d8.LisOVA	-1.58960782436e-09	8.10368390059e-10	0.975094686742
MF.103-11b+.Lu	-1.8187236431e-09	9.0676579977e-10	0.97755724945
DC.11b+.AT.v2	-1.87849641097e-09	9.29823672732e-10	0.978322391412
Mo.6+2-.BL	-1.9284491807e-09	9.34604220116e-10	0.980462011295
DN.SLN.v2	-2.26302017176e-09	1.09590584491e-09	0.980537403421
T.8Eff.Sp.OT1.d8.VSVOva	-2.26967883412e-09	1.09629502847e-09	0.980788691273
FRC.MLN	-2.23500798474e-09	1.04960688774e-09	0.983388428341
LEC.SLN.OT	-2.56325870083e-09	1.20228508344e-09	0.983496128951
Fi.Sk	-2.11573212909e-09	9.87757325651e-10	0.983901464077
Mo.6C-II-.BM	-2.36751151657e-09	1.10047348926e-09	0.984275989951
MF.Microglia.CNS	-2.02277327482e-09	9.37679949322e-10	0.984505376713
CD4.1h.LN	-2.05546727233e-09	9.26511741574e-10	0.986739655992
BEC.SLN.OT	-2.7904056917e-09	1.25387485762e-09	0.986973672673
GN.Bl	-2.16559330542e-09	9.50226622403e-10	0.988667306634
St.31-38-44-.SLN	-2.58366843549e-09	1.10434265547e-09	0.990346590159
BEC.SLN	-2.98309068184e-09	1.27305599485e-09	0.990441760258
MF.Thio5.II+480int.PC	-2.24946791546e-09	9.58656710447e-10	0.990524134949
DC.IIhilang-103-11b+.SLN	-2.45635972661e-09	1.0398608581e-09	0.990916590392
T.8Eff.Tbet-.Sp.OT1.d6LisOVA	-2.85904960591e-09	1.18822354434e-09	0.991939280736
BEC.MLN	-3.16784308002e-09	1.29254814673e-09	0.992874055747
MF.Thio5.II+480lo.PC	-2.51482458594e-09	1.02422965233e-09	0.992962287911
Fi.MTS15+.Th	-2.82505450318e-09	1.1447683968e-09	0.993202605344
DC.4+.SLN	-2.32989526507e-09	9.1008978569e-10	0.994767474163
MF.169+11chi.SLN	-2.33124580741e-09	8.79198862069e-10	0.995993919392
Mo.6C+II-.Bl	-2.66038329708e-09	9.91108964425e-10	0.996365353354
DC.LC.Sk	-3.02103015573e-09	1.05589914742e-09	0.997889112414
FRC.SLN.OT	-2.94280672867e-09	1.01439757983e-09	0.998140360832
FRC.SLN	-2.96189606406e-09	1.01803391999e-09	0.99818954424
